x-axis,1,2
second,Volt,Volt
-500.000E-06,+756.249914E-03,+33.007813E-03
-498.000E-06,+736.249914E-03,+33.101563E-03
-496.000E-06,+716.249914E-03,+33.195313E-03
-494.000E-06,+690.624913E-03,+33.250001E-03
-492.000E-06,+659.374913E-03,+33.265626E-03
-490.000E-06,+628.124913E-03,+33.281251E-03
-488.000E-06,+609.374912E-03,+33.343751E-03
-486.000E-06,+590.624912E-03,+33.406251E-03
-484.000E-06,+572.499912E-03,+33.398438E-03
-482.000E-06,+554.999911E-03,+33.320313E-03
-480.000E-06,+537.499911E-03,+33.242188E-03
-478.000E-06,+509.999911E-03,+33.132813E-03
-476.000E-06,+482.499910E-03,+33.023438E-03
-474.000E-06,+459.374910E-03,+32.968751E-03
-472.000E-06,+440.624910E-03,+32.968751E-03
-470.000E-06,+421.874909E-03,+32.968751E-03
-468.000E-06,+399.374909E-03,+33.046876E-03
-466.000E-06,+376.874909E-03,+33.125001E-03
-464.000E-06,+352.499908E-03,+33.109376E-03
-462.000E-06,+326.249908E-03,+33.000001E-03
-460.000E-06,+299.999908E-03,+32.890626E-03
-458.000E-06,+286.249907E-03,+32.609376E-03
-456.000E-06,+272.499907E-03,+32.328126E-03
-454.000E-06,+260.624907E-03,+31.898438E-03
-452.000E-06,+250.624907E-03,+31.320313E-03
-450.000E-06,+240.624907E-03,+30.742188E-03
-448.000E-06,+224.374906E-03,+29.929688E-03
-446.000E-06,+208.124906E-03,+29.117188E-03
-444.000E-06,+198.124906E-03,+28.265626E-03
-442.000E-06,+194.374906E-03,+27.375001E-03
-440.000E-06,+190.624906E-03,+26.484376E-03
-438.000E-06,+189.374906E-03,+25.578126E-03
-436.000E-06,+188.124906E-03,+24.671876E-03
-434.000E-06,+185.624906E-03,+23.757813E-03
-432.000E-06,+181.874906E-03,+22.835938E-03
-430.000E-06,+178.124906E-03,+21.914063E-03
-428.000E-06,+171.874906E-03,+20.945313E-03
-426.000E-06,+165.624906E-03,+19.976563E-03
-424.000E-06,+159.374906E-03,+18.945313E-03
-422.000E-06,+153.124905E-03,+17.851563E-03
-420.000E-06,+146.874905E-03,+16.757814E-03
-418.000E-06,+143.124905E-03,+15.585939E-03
-416.000E-06,+139.374905E-03,+14.414064E-03
-414.000E-06,+134.999905E-03,+13.265626E-03
-412.000E-06,+129.999905E-03,+12.140626E-03
-410.000E-06,+124.999905E-03,+11.015626E-03
-408.000E-06,+114.999905E-03,+10.031251E-03
-406.000E-06,+104.999905E-03,+9.046876E-03
-404.000E-06,+98.124905E-03,+8.140626E-03
-402.000E-06,+94.374905E-03,+7.312501E-03
-400.000E-06,+90.624904E-03,+6.484376E-03
-398.000E-06,+89.374904E-03,+5.593751E-03
-396.000E-06,+88.124904E-03,+4.703126E-03
-394.000E-06,+83.749904E-03,+3.906251E-03
-392.000E-06,+76.249904E-03,+3.203126E-03
-390.000E-06,+68.749904E-03,+2.500001E-03
-388.000E-06,+68.749904E-03,+2.421876E-03
-386.000E-06,+68.749904E-03,+2.343751E-03
-384.000E-06,+72.499904E-03,+2.632814E-03
-382.000E-06,+79.999904E-03,+3.289064E-03
-380.000E-06,+87.499904E-03,+3.945314E-03
-378.000E-06,+88.749904E-03,+4.929689E-03
-376.000E-06,+89.999904E-03,+5.914064E-03
-374.000E-06,+93.124905E-03,+6.953126E-03
-372.000E-06,+98.124905E-03,+8.046876E-03
-370.000E-06,+103.124905E-03,+9.140626E-03
-368.000E-06,+113.124905E-03,+10.171876E-03
-366.000E-06,+123.124905E-03,+11.203126E-03
-364.000E-06,+130.624905E-03,+12.210939E-03
-362.000E-06,+135.624905E-03,+13.195314E-03
-360.000E-06,+140.624905E-03,+14.179689E-03
-358.000E-06,+144.374905E-03,+15.054689E-03
-356.000E-06,+148.124905E-03,+15.929689E-03
-354.000E-06,+153.124905E-03,+16.929689E-03
-352.000E-06,+159.374906E-03,+18.054688E-03
-350.000E-06,+165.624906E-03,+19.179688E-03
-348.000E-06,+170.624906E-03,+20.226563E-03
-346.000E-06,+175.624906E-03,+21.273438E-03
-344.000E-06,+179.999906E-03,+22.367188E-03
-342.000E-06,+183.749906E-03,+23.507813E-03
-340.000E-06,+187.499906E-03,+24.648438E-03
-338.000E-06,+187.499906E-03,+25.726563E-03
-336.000E-06,+187.499906E-03,+26.804688E-03
-334.000E-06,+188.749906E-03,+27.820313E-03
-332.000E-06,+191.249906E-03,+28.773438E-03
-330.000E-06,+193.749906E-03,+29.726563E-03
-328.000E-06,+206.249906E-03,+30.507813E-03
-326.000E-06,+218.749906E-03,+31.289063E-03
-324.000E-06,+231.874907E-03,+31.960938E-03
-322.000E-06,+245.624907E-03,+32.523438E-03
-320.000E-06,+259.374907E-03,+33.085938E-03
-318.000E-06,+273.124907E-03,+33.304688E-03
-316.000E-06,+286.874907E-03,+33.523438E-03
-314.000E-06,+308.749908E-03,+33.640626E-03
-312.000E-06,+338.749908E-03,+33.656251E-03
-310.000E-06,+368.749909E-03,+33.671876E-03
-308.000E-06,+391.249909E-03,+33.593751E-03
-306.000E-06,+413.749909E-03,+33.515626E-03
-304.000E-06,+434.374910E-03,+33.484376E-03
-302.000E-06,+453.124910E-03,+33.500001E-03
-300.000E-06,+471.874910E-03,+33.515626E-03
-298.000E-06,+500.624911E-03,+33.421876E-03
-296.000E-06,+529.374911E-03,+33.328126E-03
-294.000E-06,+552.499911E-03,+33.273438E-03
-292.000E-06,+569.999912E-03,+33.257813E-03
-290.000E-06,+587.499912E-03,+33.242188E-03
-288.000E-06,+606.249912E-03,+33.289063E-03
-286.000E-06,+624.999912E-03,+33.335938E-03
-284.000E-06,+649.374913E-03,+33.421876E-03
-282.000E-06,+679.374913E-03,+33.546876E-03
-280.000E-06,+709.374914E-03,+33.671876E-03
-278.000E-06,+730.624914E-03,+33.718751E-03
-276.000E-06,+751.874914E-03,+33.765626E-03
-274.000E-06,+774.374915E-03,+33.804688E-03
-272.000E-06,+798.124915E-03,+33.835938E-03
-270.000E-06,+821.874915E-03,+33.867188E-03
-268.000E-06,+841.874916E-03,+33.757813E-03
-266.000E-06,+861.874916E-03,+33.648438E-03
-264.000E-06,+884.374916E-03,+33.546876E-03
-262.000E-06,+909.374917E-03,+33.453126E-03
-260.000E-06,+934.374917E-03,+33.359376E-03
-258.000E-06,+951.874917E-03,+33.343751E-03
-256.000E-06,+969.374918E-03,+33.328126E-03
-254.000E-06,+987.499918E-03,+33.375001E-03
-252.000E-06,+1.006249918E+00,+33.484376E-03
-250.000E-06,+1.024999918E+00,+33.593751E-03
-248.000E-06,+1.048749919E+00,+33.640626E-03
-246.000E-06,+1.072499919E+00,+33.687501E-03
-244.000E-06,+1.096249919E+00,+33.742188E-03
-242.000E-06,+1.119999920E+00,+33.804688E-03
-240.000E-06,+1.143749920E+00,+33.867188E-03
-238.000E-06,+1.164999921E+00,+33.742188E-03
-236.000E-06,+1.186249921E+00,+33.617188E-03
-234.000E-06,+1.208124921E+00,+33.546876E-03
-232.000E-06,+1.230624921E+00,+33.531251E-03
-230.000E-06,+1.253124922E+00,+33.515626E-03
-228.000E-06,+1.274374922E+00,+33.515626E-03
-226.000E-06,+1.295624922E+00,+33.515626E-03
-224.000E-06,+1.318124923E+00,+33.585938E-03
-222.000E-06,+1.341874923E+00,+33.726563E-03
-220.000E-06,+1.365624923E+00,+33.867188E-03
-218.000E-06,+1.385624924E+00,+33.929688E-03
-216.000E-06,+1.405624924E+00,+33.992188E-03
-214.000E-06,+1.425624924E+00,+34.015626E-03
-212.000E-06,+1.445624925E+00,+34.000001E-03
-210.000E-06,+1.465624925E+00,+33.984376E-03
-208.000E-06,+1.493124925E+00,+33.796876E-03
-206.000E-06,+1.520624926E+00,+33.609376E-03
-204.000E-06,+1.544374926E+00,+33.500001E-03
-202.000E-06,+1.564374926E+00,+33.468751E-03
-200.000E-06,+1.584374927E+00,+33.437501E-03
-198.000E-06,+1.599374927E+00,+33.406251E-03
-196.000E-06,+1.614374927E+00,+33.375001E-03
-194.000E-06,+1.631874927E+00,+33.429688E-03
-192.000E-06,+1.651874928E+00,+33.570313E-03
-190.000E-06,+1.671874928E+00,+33.710938E-03
-188.000E-06,+1.696874928E+00,+33.789063E-03
-186.000E-06,+1.721874929E+00,+33.867188E-03
-184.000E-06,+1.743749929E+00,+33.906251E-03
-182.000E-06,+1.762499929E+00,+33.906251E-03
-180.000E-06,+1.781249930E+00,+33.906251E-03
-178.000E-06,+1.798749930E+00,+33.890626E-03
-176.000E-06,+1.816249930E+00,+33.875001E-03
-174.000E-06,+1.834374930E+00,+33.835938E-03
-172.000E-06,+1.853124931E+00,+33.773438E-03
-170.000E-06,+1.871874931E+00,+33.710938E-03
-168.000E-06,+1.895624931E+00,+33.710938E-03
-166.000E-06,+1.919374932E+00,+33.710938E-03
-164.000E-06,+1.945624932E+00,+33.757813E-03
-162.000E-06,+1.974374933E+00,+33.851563E-03
-160.000E-06,+2.003124933E+00,+33.945313E-03
-158.000E-06,+2.021874933E+00,+33.945313E-03
-156.000E-06,+2.040624934E+00,+33.945313E-03
-154.000E-06,+2.061874934E+00,+33.945313E-03
-152.000E-06,+2.085624934E+00,+33.945313E-03
-150.000E-06,+2.109374935E+00,+33.945313E-03
-148.000E-06,+2.131874935E+00,+33.898438E-03
-146.000E-06,+2.154374935E+00,+33.851563E-03
-144.000E-06,+2.174999936E+00,+33.789063E-03
-142.000E-06,+2.193749936E+00,+33.710938E-03
-140.000E-06,+2.212499936E+00,+33.632813E-03
-138.000E-06,+2.239999937E+00,+33.617188E-03
-136.000E-06,+2.267499937E+00,+33.601563E-03
-134.000E-06,+2.291874937E+00,+33.656251E-03
-132.000E-06,+2.313124938E+00,+33.781251E-03
-130.000E-06,+2.334374938E+00,+33.906251E-03
-128.000E-06,+2.359374938E+00,+34.015626E-03
-126.000E-06,+2.384374939E+00,+34.125001E-03
-124.000E-06,+2.407499939E+00,+34.187501E-03
-122.000E-06,+2.428749939E+00,+34.203126E-03
-120.000E-06,+2.449999940E+00,+34.218751E-03
-118.000E-06,+2.471249940E+00,+34.218751E-03
-116.000E-06,+2.492499940E+00,+34.218751E-03
-114.000E-06,+2.513749941E+00,+34.179688E-03
-112.000E-06,+2.534999941E+00,+34.101563E-03
-110.000E-06,+2.556249941E+00,+34.023438E-03
-108.000E-06,+2.578749942E+00,+33.960938E-03
-106.000E-06,+2.601249942E+00,+33.898438E-03
-104.000E-06,+2.622499942E+00,+33.890626E-03
-102.000E-06,+2.642499943E+00,+33.937501E-03
-100.000E-06,+2.662499943E+00,+33.984376E-03
-98.000E-06,+2.686249943E+00,+34.078126E-03
-96.000E-06,+2.709999944E+00,+34.171876E-03
-94.000E-06,+2.733124944E+00,+34.218751E-03
-92.000E-06,+2.755624944E+00,+34.218751E-03
-90.000E-06,+2.778124945E+00,+34.218751E-03
-88.000E-06,+2.800624945E+00,+34.187501E-03
-86.000E-06,+2.823124945E+00,+34.156251E-03
-84.000E-06,+2.844374946E+00,+34.101563E-03
-82.000E-06,+2.864374946E+00,+34.023438E-03
-80.000E-06,+2.884374946E+00,+33.945313E-03
-78.000E-06,+2.905624946E+00,+33.960938E-03
-76.000E-06,+2.926874947E+00,+33.976563E-03
-74.000E-06,+2.948749947E+00,+34.023438E-03
-72.000E-06,+2.971249947E+00,+34.101563E-03
-70.000E-06,+2.993749948E+00,+34.179688E-03
-68.000E-06,+3.013749948E+00,+34.289063E-03
-66.000E-06,+3.033749948E+00,+34.398438E-03
-64.000E-06,+3.056874949E+00,+34.476563E-03
-62.000E-06,+3.083124949E+00,+34.523438E-03
-60.000E-06,+3.109374949E+00,+34.570313E-03
-58.000E-06,+3.133124950E+00,+34.445313E-03
-56.000E-06,+3.156874950E+00,+34.320313E-03
-54.000E-06,+3.175624950E+00,+34.203126E-03
-52.000E-06,+3.189374951E+00,+34.093751E-03
-50.000E-06,+3.203124951E+00,+33.984376E-03
-48.000E-06,+3.225624951E+00,+33.968751E-03
-46.000E-06,+3.248124952E+00,+33.953126E-03
-44.000E-06,+3.268749952E+00,+33.976563E-03
-42.000E-06,+3.287499952E+00,+34.039063E-03
-40.000E-06,+3.306249952E+00,+34.101563E-03
-38.000E-06,+3.332499953E+00,+34.257813E-03
-36.000E-06,+3.358749953E+00,+34.414063E-03
-34.000E-06,+3.378124953E+00,+34.507813E-03
-32.000E-06,+3.390624954E+00,+34.539063E-03
-30.000E-06,+3.403124954E+00,+34.570313E-03
-28.000E-06,+3.428124954E+00,+34.601563E-03
-26.000E-06,+3.453124955E+00,+34.632813E-03
-24.000E-06,+3.474999955E+00,+34.593751E-03
-22.000E-06,+3.493749955E+00,+34.484376E-03
-20.000E-06,+3.512499955E+00,+34.375001E-03
-18.000E-06,+3.541249956E+00,+34.375001E-03
-16.000E-06,+3.569999956E+00,+34.375001E-03
-14.000E-06,+3.594374957E+00,+34.375001E-03
-12.000E-06,+3.614374957E+00,+34.375001E-03
-10.000E-06,+3.634374957E+00,+34.375001E-03
-8.000E-06,+3.654374958E+00,+34.453126E-03
-6.000E-06,+3.674374958E+00,+34.531251E-03
-4.000E-06,+3.698124958E+00,+34.554688E-03
-2.000E-06,+3.725624959E+00,+34.523438E-03
+0.0E+00,+3.753124959E+00,+34.492188E-03
+2.000E-06,+3.770624959E+00,+34.476563E-03
+4.000E-06,+3.788124960E+00,+34.460938E-03
+6.000E-06,+3.806874960E+00,+34.375001E-03
+8.000E-06,+3.826874960E+00,+34.218751E-03
+10.00E-06,+3.846874960E+00,+34.062501E-03
+12.000E-06,+3.873124961E+00,+34.109376E-03
+14.000E-06,+3.899374961E+00,+34.156251E-03
+16.000E-06,+3.923749962E+00,+34.187501E-03
+18.000E-06,+3.946249962E+00,+34.203126E-03
+20.000E-06,+3.968749962E+00,+34.218751E-03
+22.000E-06,+3.992499963E+00,+34.359376E-03
+24.000E-06,+4.016249963E+00,+34.500001E-03
+26.000E-06,+4.036874963E+00,+34.609376E-03
+28.000E-06,+4.054374964E+00,+34.687501E-03
+30.000E-06,+4.071874964E+00,+34.765626E-03
+32.000E-06,+4.095624964E+00,+34.718751E-03
+34.000E-06,+4.119374965E+00,+34.671876E-03
+36.000E-06,+4.142499965E+00,+34.593751E-03
+38.000E-06,+4.164999965E+00,+34.484376E-03
+40.000E-06,+4.187499966E+00,+34.375001E-03
+42.000E-06,+4.207499966E+00,+34.296876E-03
+44.000E-06,+4.227499966E+00,+34.218751E-03
+46.000E-06,+4.249374966E+00,+34.171876E-03
+48.000E-06,+4.273124967E+00,+34.156251E-03
+50.000E-06,+4.296874967E+00,+34.140626E-03
+52.000E-06,+4.319374968E+00,+34.218751E-03
+54.000E-06,+4.341874968E+00,+34.296876E-03
+56.000E-06,+4.364999968E+00,+34.390626E-03
+58.000E-06,+4.388749969E+00,+34.500001E-03
+60.000E-06,+4.412499969E+00,+34.609376E-03
+62.000E-06,+4.432499969E+00,+34.562501E-03
+64.000E-06,+4.452499969E+00,+34.515626E-03
+66.000E-06,+4.459999970E+00,+34.406251E-03
+68.000E-06,+4.454999970E+00,+34.234376E-03
+70.000E-06,+4.449999969E+00,+34.062501E-03
+72.000E-06,+4.429999969E+00,+34.000001E-03
+74.000E-06,+4.409999969E+00,+33.937501E-03
+76.000E-06,+4.388124969E+00,+33.906251E-03
+78.000E-06,+4.364374968E+00,+33.906251E-03
+80.000E-06,+4.340624968E+00,+33.906251E-03
+82.000E-06,+4.318124967E+00,+34.062501E-03
+84.000E-06,+4.295624967E+00,+34.218751E-03
+86.000E-06,+4.273124967E+00,+34.335938E-03
+88.000E-06,+4.250624966E+00,+34.414063E-03
+90.000E-06,+4.228124966E+00,+34.492188E-03
+92.000E-06,+4.206874966E+00,+34.445313E-03
+94.000E-06,+4.185624966E+00,+34.398438E-03
+96.000E-06,+4.163749965E+00,+34.312501E-03
+98.000E-06,+4.141249965E+00,+34.187501E-03
+100.00E-06,+4.118749965E+00,+34.062501E-03
+102.000E-06,+4.094999964E+00,+34.031251E-03
+104.000E-06,+4.071249964E+00,+34.000001E-03
+106.000E-06,+4.050624964E+00,+33.984376E-03
+108.000E-06,+4.033124963E+00,+33.984376E-03
+110.000E-06,+4.015624963E+00,+33.984376E-03
+112.000E-06,+3.991874963E+00,+34.046876E-03
+114.000E-06,+3.968124962E+00,+34.109376E-03
+116.000E-06,+3.944999962E+00,+34.171876E-03
+118.000E-06,+3.922499962E+00,+34.234376E-03
+120.000E-06,+3.899999961E+00,+34.296876E-03
+122.000E-06,+3.872499961E+00,+34.328126E-03
+124.000E-06,+3.844999960E+00,+34.359376E-03
+126.000E-06,+3.821874960E+00,+34.320313E-03
+128.000E-06,+3.803124960E+00,+34.210938E-03
+130.000E-06,+3.784374960E+00,+34.101563E-03
+132.000E-06,+3.766874959E+00,+34.070313E-03
+134.000E-06,+3.749374959E+00,+34.039063E-03
+136.000E-06,+3.726249959E+00,+34.039063E-03
+138.000E-06,+3.697499958E+00,+34.070313E-03
+140.000E-06,+3.668749958E+00,+34.101563E-03
+142.000E-06,+3.649999958E+00,+34.070313E-03
+144.000E-06,+3.631249957E+00,+34.039063E-03
+146.000E-06,+3.609999957E+00,+34.062501E-03
+148.000E-06,+3.586249957E+00,+34.140626E-03
+150.000E-06,+3.562499956E+00,+34.218751E-03
+152.000E-06,+3.533749956E+00,+34.250001E-03
+154.000E-06,+3.504999955E+00,+34.281251E-03
+156.000E-06,+3.483124955E+00,+34.265626E-03
+158.000E-06,+3.468124955E+00,+34.203126E-03
+160.000E-06,+3.453124955E+00,+34.140626E-03
+162.000E-06,+3.428124954E+00,+34.031251E-03
+164.000E-06,+3.403124954E+00,+33.921876E-03
+166.000E-06,+3.383749954E+00,+33.882813E-03
+168.000E-06,+3.369999953E+00,+33.914063E-03
+170.000E-06,+3.356249953E+00,+33.945313E-03
+172.000E-06,+3.328749953E+00,+34.007813E-03
+174.000E-06,+3.301249952E+00,+34.070313E-03
+176.000E-06,+3.279374952E+00,+34.148438E-03
+178.000E-06,+3.263124952E+00,+34.242188E-03
+180.000E-06,+3.246874952E+00,+34.335938E-03
+182.000E-06,+3.224374951E+00,+34.382813E-03
+184.000E-06,+3.201874951E+00,+34.429688E-03
+186.000E-06,+3.182499951E+00,+34.406251E-03
+188.000E-06,+3.166249950E+00,+34.312501E-03
+190.000E-06,+3.149999950E+00,+34.218751E-03
+192.000E-06,+3.123749950E+00,+34.125001E-03
+194.000E-06,+3.097499949E+00,+34.031251E-03
+196.000E-06,+3.073124949E+00,+33.945313E-03
+198.000E-06,+3.050624949E+00,+33.867188E-03
+200.000E-06,+3.028124948E+00,+33.789063E-03
+202.000E-06,+3.009374948E+00,+33.773438E-03
+204.000E-06,+2.990624948E+00,+33.757813E-03
+206.000E-06,+2.968124947E+00,+33.820313E-03
+208.000E-06,+2.941874947E+00,+33.960938E-03
+210.000E-06,+2.915624947E+00,+34.101563E-03
+212.000E-06,+2.895624946E+00,+34.164063E-03
+214.000E-06,+2.875624946E+00,+34.226563E-03
+216.000E-06,+2.856249946E+00,+34.226563E-03
+218.000E-06,+2.837499945E+00,+34.164063E-03
+220.000E-06,+2.818749945E+00,+34.101563E-03
+222.000E-06,+2.794999945E+00,+33.976563E-03
+224.000E-06,+2.771249944E+00,+33.851563E-03
+226.000E-06,+2.747499944E+00,+33.796876E-03
+228.000E-06,+2.723749944E+00,+33.812501E-03
+230.000E-06,+2.699999943E+00,+33.828126E-03
+232.000E-06,+2.676249943E+00,+33.875001E-03
+234.000E-06,+2.652499943E+00,+33.921876E-03
+236.000E-06,+2.631874942E+00,+34.000001E-03
+238.000E-06,+2.614374942E+00,+34.109376E-03
+240.000E-06,+2.596874942E+00,+34.218751E-03
+242.000E-06,+2.571874941E+00,+34.218751E-03
+244.000E-06,+2.546874941E+00,+34.218751E-03
+246.000E-06,+2.524374941E+00,+34.156251E-03
+248.000E-06,+2.504374940E+00,+34.031251E-03
+250.000E-06,+2.484374940E+00,+33.906251E-03
+252.000E-06,+2.464374940E+00,+33.734376E-03
+254.000E-06,+2.444374940E+00,+33.562501E-03
+256.000E-06,+2.421874939E+00,+33.468751E-03
+258.000E-06,+2.396874939E+00,+33.453126E-03
+260.000E-06,+2.371874938E+00,+33.437501E-03
+262.000E-06,+2.349374938E+00,+33.468751E-03
+264.000E-06,+2.326874938E+00,+33.500001E-03
+266.000E-06,+2.303124937E+00,+33.578126E-03
+268.000E-06,+2.278124937E+00,+33.703126E-03
+270.000E-06,+2.253124937E+00,+33.828126E-03
+272.000E-06,+2.230624936E+00,+33.828126E-03
+274.000E-06,+2.208124936E+00,+33.828126E-03
+276.000E-06,+2.188124936E+00,+33.851563E-03
+278.000E-06,+2.170624935E+00,+33.898438E-03
+280.000E-06,+2.153124935E+00,+33.945313E-03
+282.000E-06,+2.124374935E+00,+33.789063E-03
+284.000E-06,+2.095624934E+00,+33.632813E-03
+286.000E-06,+2.071249934E+00,+33.578126E-03
+288.000E-06,+2.051249934E+00,+33.625001E-03
+290.000E-06,+2.031249933E+00,+33.671876E-03
+292.000E-06,+2.009999933E+00,+33.656251E-03
+294.000E-06,+1.988749933E+00,+33.640626E-03
+296.000E-06,+1.963749932E+00,+33.648438E-03
+298.000E-06,+1.934999932E+00,+33.679688E-03
+300.000E-06,+1.906249932E+00,+33.710938E-03
+302.000E-06,+1.887499931E+00,+33.726563E-03
+304.000E-06,+1.868749931E+00,+33.742188E-03
+306.000E-06,+1.847499931E+00,+33.750001E-03
+308.000E-06,+1.823749930E+00,+33.750001E-03
+310.000E-06,+1.799999930E+00,+33.750001E-03
+312.000E-06,+1.786249930E+00,+33.593751E-03
+314.000E-06,+1.772499930E+00,+33.437501E-03
+316.000E-06,+1.755624929E+00,+33.351563E-03
+318.000E-06,+1.735624929E+00,+33.335938E-03
+320.000E-06,+1.715624929E+00,+33.320313E-03
+322.000E-06,+1.689374928E+00,+33.335938E-03
+324.000E-06,+1.663124928E+00,+33.351563E-03
+326.000E-06,+1.640624928E+00,+33.437501E-03
+328.000E-06,+1.621874927E+00,+33.593751E-03
+330.000E-06,+1.603124927E+00,+33.750001E-03
+332.000E-06,+1.590624927E+00,+33.828126E-03
+334.000E-06,+1.578124927E+00,+33.906251E-03
+336.000E-06,+1.559999926E+00,+33.945313E-03
+338.000E-06,+1.536249926E+00,+33.945313E-03
+340.000E-06,+1.512499926E+00,+33.945313E-03
+342.000E-06,+1.486249925E+00,+33.804688E-03
+344.000E-06,+1.459999925E+00,+33.664063E-03
+346.000E-06,+1.436874925E+00,+33.546876E-03
+348.000E-06,+1.416874924E+00,+33.453126E-03
+350.000E-06,+1.396874924E+00,+33.359376E-03
+352.000E-06,+1.374374924E+00,+33.375001E-03
+354.000E-06,+1.351874923E+00,+33.390626E-03
+356.000E-06,+1.330624923E+00,+33.429688E-03
+358.000E-06,+1.310624923E+00,+33.492188E-03
+360.000E-06,+1.290624922E+00,+33.554688E-03
+362.000E-06,+1.269374922E+00,+33.570313E-03
+364.000E-06,+1.248124922E+00,+33.585938E-03
+366.000E-06,+1.225624921E+00,+33.632813E-03
+368.000E-06,+1.201874921E+00,+33.710938E-03
+370.000E-06,+1.178124921E+00,+33.789063E-03
+372.000E-06,+1.156874920E+00,+33.695313E-03
+374.000E-06,+1.135624920E+00,+33.601563E-03
+376.000E-06,+1.113124920E+00,+33.507813E-03
+378.000E-06,+1.089374919E+00,+33.414063E-03
+380.000E-06,+1.065624919E+00,+33.320313E-03
+382.000E-06,+1.044374919E+00,+33.382813E-03
+384.000E-06,+1.023124918E+00,+33.445313E-03
+386.000E-06,+1.002499918E+00,+33.500001E-03
+388.000E-06,+982.499918E-03,+33.546876E-03
+390.000E-06,+962.499917E-03,+33.593751E-03
+392.000E-06,+944.999917E-03,+33.687501E-03
+394.000E-06,+927.499917E-03,+33.781251E-03
+396.000E-06,+906.874917E-03,+33.789063E-03
+398.000E-06,+883.124916E-03,+33.710938E-03
+400.000E-06,+859.374916E-03,+33.632813E-03
+402.000E-06,+836.874916E-03,+33.476563E-03
+404.000E-06,+814.374915E-03,+33.320313E-03
+406.000E-06,+791.874915E-03,+33.187501E-03
+408.000E-06,+769.374915E-03,+33.078126E-03
+410.000E-06,+746.874914E-03,+32.968751E-03
+412.000E-06,+725.624914E-03,+32.953126E-03
+414.000E-06,+704.374914E-03,+32.937501E-03
+416.000E-06,+678.749913E-03,+33.007813E-03
+418.000E-06,+648.749913E-03,+33.164063E-03
+420.000E-06,+618.749912E-03,+33.320313E-03
+422.000E-06,+599.999912E-03,+33.335938E-03
+424.000E-06,+581.249912E-03,+33.351563E-03
+426.000E-06,+562.499912E-03,+33.367188E-03
+428.000E-06,+543.749911E-03,+33.382813E-03
+430.000E-06,+524.999911E-03,+33.398438E-03
+432.000E-06,+498.749911E-03,+33.304688E-03
+434.000E-06,+472.499910E-03,+33.210938E-03
+436.000E-06,+449.999910E-03,+33.140626E-03
+438.000E-06,+431.249910E-03,+33.093751E-03
+440.000E-06,+412.499909E-03,+33.046876E-03
+442.000E-06,+388.749909E-03,+33.062501E-03
+444.000E-06,+364.999909E-03,+33.078126E-03
+446.000E-06,+340.624908E-03,+33.015626E-03
+448.000E-06,+315.624908E-03,+32.875001E-03
+450.000E-06,+290.624907E-03,+32.734376E-03
+452.000E-06,+279.374907E-03,+32.500001E-03
+454.000E-06,+268.124907E-03,+32.265626E-03
+456.000E-06,+255.624907E-03,+31.843751E-03
+458.000E-06,+241.874907E-03,+31.234376E-03
+460.000E-06,+228.124907E-03,+30.625001E-03
+462.000E-06,+214.374906E-03,+29.812501E-03
+464.000E-06,+200.624906E-03,+29.000001E-03
+466.000E-06,+192.499906E-03,+28.085938E-03
+468.000E-06,+189.999906E-03,+27.070313E-03
+470.000E-06,+187.499906E-03,+26.054688E-03
+472.000E-06,+186.249906E-03,+25.054688E-03
+474.000E-06,+184.999906E-03,+24.054688E-03
+476.000E-06,+182.499906E-03,+23.085938E-03
+478.000E-06,+178.749906E-03,+22.148438E-03
+480.000E-06,+174.999906E-03,+21.210938E-03
+482.000E-06,+167.499906E-03,+20.351563E-03
+484.000E-06,+159.999906E-03,+19.492188E-03
+486.000E-06,+153.749905E-03,+18.531251E-03
+488.000E-06,+148.749905E-03,+17.468751E-03
+490.000E-06,+143.749905E-03,+16.406251E-03
+492.000E-06,+139.999905E-03,+15.281251E-03
+494.000E-06,+136.249905E-03,+14.156251E-03
+496.000E-06,+131.249905E-03,+13.000001E-03
+498.000E-06,+124.999905E-03,+11.812501E-03
